1030417975
795364707
619880281
226237091
466347507
693367202
831393488
552326217
502969640
933711745
870764120
608233593
127022108
99618599
966143877
529933497
259448010
85913761
330009101
478786434
703563873
588632822
674181871
245427427
1002193136
1060367945
904972454
232364796
140093169
569557736
20402718
673395391
351234790
1031158684
741978846
994738305
985160474
650282140
76935745
1068648663
1057129746
186258870
256759688
755195097
1010166631
584479091
387930372
751739625
916475708
182327137
895442938
602641257
554995164
1068116696
1003315251
976070972
414978703
815680889
237388749
819676788
1019796430
138751449
479013431
186682615
1040618840
366234177
204504255
143174413
328811926
1042900804
836883822
945298446
763891555
1044658721
312949513
1030905097
50497371
386844637
681324719
893752665
966729157
840365892
784931123
419869472
471931943
816568356
887582499
525892691
715437790
580984200
878268443
491262697
996127362
399199353
300604525
676949379
712318515
521608865
608430786
137249934
950706259
267294967
1027641360
488763936
874371302
778982961
347536051
33867599
459822782
415073684
226566744
435246131
451977520
866852238
569428886
805709055
225891867
1048756779
321150870
228487808
205216464
299622355
1057167239
880035471
409870901
318077485
49740937
1021744321
1055196772
352398871
231422700
896386915
141014572
999287051
962939429
119095165
338671231
891474719
895445074
331368940
529201246
313716231
903539159
1029769179
1021280869
416409475
1043389672
184011608
362720895
685154345
1031242050
770271235
101088026
207087030
186848215
65730483
786395526
50848293
609775192
337744639
11902671
852671987
383253201
855932364
89858505
66254537
213351271
794576986
131255519
108915278
745612745
730424118
806443779
1018893433
991859455
286042286
928234013
224952963
587596536
555505778
51963933
853473652
787510275
65014081
941483195
936923261
856624866
549326017
873084736
946503642
1048995266
1022675039
332105734
765059959
218499199
445284901
1039060499
62206348
102951844
409870599
328569046
528327908
679159002
628318615
804634015
65920051
150567321
849673945
1034064165
37874672
316621702
909594286
573380033
1068705134
864757680
1060491911
335197276
673845590
356721257
316029941
461396545
452533875
1050175109
254502268
140555040
1048740868
407605625
465747649
71038446
830199940
31961786
126266836
676317009
72473701
1033545548
336618302
274050754
50264192
371280243
425960131
341745769
527888631
904787066
568262725
481958482
1050299220
889183259
486215684
642209493
91482575
724678705
272829353
182391138
173234533
387335278
12675670
953442470
1025922264
633934799
736816627
903554034
876870431
510277734
232956720
351438083
246168078
608911097
599873164
742526343
177073367
757333603
324730061
388485250
112602868
754301862
650940309
705046690
660300413
395518212
418176566
816810244
42363645
806586915
143315476
496952170
237804516
818422622
187934590
930816422
165469021
580476220
84646397
330576679
129136831
16987271
571704654
139996889
202389287
137809314
235272634
881789069
964037742
87548991
314983712
242965128
630461245
874286788
439086831
244237165
109916725
652596805
784673115
330323889
590083651
397910544
1073395130
954443558
379330889
730232578
550485274
208590533
134966474
111250320
893918500
701386307
811860094
718253793
156215419
588544411
740498701
654673214
483187516
732176039
622754420
722179764
190415903
360957726
400218897
364557219
451666079
735624580
434524631
314911674
730508714
141041582
309902598
357783984
989244583
793543532
208467179
789185373
839130012
56537343
678768230
794889346
1043243471
119533587
4002252
494993216
281161984
423913968
1056703735
1059972967
1036212549
827072182
298461810
966132172
529633812
266923777
433755118
757776432
420345563
541080005
1015883950
1006280988
249624466
711364025
152748152
844258044
961117548
885255940
829288962
196860930
45089581
157233381
59446703
180461056
67641943
90104700
716831736
271371666
383456089
610161900
57923660
247776794
631611965
512042889
988274582
585523496
503584619
799013684
179903216
966367787
754357289
919120638
594013709
287049289
1012425557
293379771
61460988
891723675
24428050
575647951
281134096
730162441
259228731
448407438
62646216
300371437
220752128
550519589
691985984
874320280
614405044
84008737
91574340
575488784
59683931
827369453
727854391
150225056
246385738
180053112
1052908918
14055279
1052568227
653054954
694987047
995851020
1019092315
999071592
150442726
404255065
1006687541
165732215
1060038189
312496631
50298635
12498328
532953619
335575529
289280008
538475031
795322390
161485590
385336929
348650901
206370389
864604197
71851513
142827175
636450464
644840466
273365266
20640647
565647581
35839402
1031470278
611239807
737227135
458714920
258744790
106572986
6255735
269904424
516749558
438559205
728736691
812033749
996516847
529615838
620655084
286642141
413303250
202064616
794302631
81291744
402886583
672330987
418980808
407318316
630930801
798317206
492957502
126893901
93795886
853262648
689920609
956474060
647863518
1059579997
922431030
367698564
194592025
962212695
404142069
595948492
677326768
307261186
1048713233
2275184
526938935
335260478
296928398
618286488
732559522
930850963
772521835
42794442
677749765
1071536644
880411082
20345308
429834497
980548235
1022859825
317130269
313289663
82327137
379060068
806087827
489975063
316205428
26220221
821830899
296291207
528674856
998010589
286312452
724848563
100240756
200814236
970925927
63651135
557638768
1063728969
24854759
301170396
386663892
665189259
217646748
949356431
193925579
237078990
145947159
973678358
826797362
11160314
573348931
709661234
940051431
170128701
599208154
289529821
117034388
973419084
5199411
209451351
823914486
426342987
108654769
688914268
819827744
306684521
322366124
547496510
785995869
489660282
980436892
565767874
687736205
63044697
815533107
305237710
985878746
702776585
295139764
192904682
207171998
494904518
722607520
724709847
235948670
612104481
892286322
923481963
512354183
575641649
575923727
46088950
227413894
981502886
661178298
1045214446
448145880
186253062
270877968
379720335
376092621
972923500
525029252
522121900
755147374
432193867
554296923
290053608
522361897
514165984
906818165
283485114
1070274140
970529533
940635656
224436981
1070811882
962500720
757141544
241731116
400546326
1012150239
217437304
943518874
87260095
662578253
607876795
489404075
185091438
194813848
601213544
74501770
24118153
519091566
646485621
730137823
738862937
86186375
767212775
766863649
506316922
613354129
106608176
783173375
393624157
902033615
825942331
527699423
49329698
299905137
244065994
974433878
477730833
104312988
711815451
522971808
858239340
529044854
550926224
421862135
217329052
886091655
561274485
737470069
387812436
967187916
677292622
81096606
269758246
163947642
115017629
341800194
856619666
861484931
397829810
506127848
582388840
55130551
889842449
334588631
530941140
1052438144
965881635
654139994
13395036
112107936
101669856
427807069
655850807
511705216
729060411
37210133
50690356
870001190
1023227164
665172654
976024362
378073323
697198760
349523284
201303190
138727773
303795783
278402495
6924144
815734024
588510683
819711700
809192284
247322836
19951471
513180225
379322341
983486451
507981587
59974766
336908732
692935224
152863867
171517204
521206817
860772015
58123849
272200818
184749862
307550910
470602241
802913133
380446897
723653626
909311902
276072516
324715150
37937038
260139216
90451843
841651116
774739012
871736664
599793702
433522168
923959712
728308222
564784242
381403173
478257673
1065450582
119097042
2540269
718799299
127019739
917844505
290691819
641161574
808769466
505849395
834610722
379214989
917506338
807348485
1070755286
812137560
210889910
656267992
573772740
783933022
238419704
919434959
794285094
944981680
658245393
44419077
542087954
371439455
709289623
726340026
49917522
435094041
95010015
150334469
960326358
361926550
486137523
939398350
102766173
791189992
667689533
896709597
921126165
874257135
137625153
746230754
499536720
219148129
401276403
34000693
350581534
508275970
827787404
590508012
467717560
875605400
972422367
460948699
388905346
420072784
772088092
46279244
136840021
425221486
562751055
671221307
1036733509
227592973
423198690
1008384340
25721678
1007253894
99667904
693617531
550781624
195973445
267789614
919100479
729266689
266043996
994595101
327139272
267258711
798096124
80121180
748056347
711865661
235409988
674281602
26666239
546267136
677963485
156722517
97533583
46548975
342159703
1059208841
31020985
642398720
755387218
1029914184
392092708
1027614343
118172037
314391027
36096921
542787038
1004079835
573850027
872673906
74109604
971709074
743330786
910415580
934827848
325994361
570090804
301045924
1043468134
932023820
466074574
555239073
955440517
549517115
708419355
369043133
886133998
172084020
141515631
975860461
84629233
815167444
142973356
633014681
845923546
1022929749
427952837
949457506
77120864
19407591
148662171
832149202
42540578
420261203
504087622
482938556
946807259
559538644
617527280
947970291
481800475
909576737
724883607
572971071
319541430
448643529
583010857
368151362
194204433
32622658
943989427
302430722
369563075
866420703
343630285
1007459796
863064861
864473131
261503992
18394691
1053460469
645612747
878508741
179722656
737242437
839647236
1003073523
277885372
499942816
1001777496
810614123
85331020
800309008
25968632
677392555
474650599
59811968
59169236
31928914
917693548
896777040
480089556
1024772660
254959475
1051539805
1017348782
45856381
695059795
365436435
799291739
187111263
656377210
907388053
89517024
1014279922
496507695
818405590
990029801
870020298
24435219
988409274
68898115
60095832
90681081
383004238
829864152
1064318403
431641654
1024140181
84910776
1013183359
352811639
130504290
937668933
734517201
863266164
498390146
426131360
959055764
142965834
734577313
1003051060
168310449
947408477
727417329
372204387
822249476
282954719
956688802
631769664
309248145
620589642
571479227
531287326
511856537
694234442